150
59528
31787
73928
1121
39720
57974
96669
82781
94545
40624
99987
29301
74907
65441
78274
26149
66066
40346
38967
24343
87992
69932
83457
22167
56849
94779
34845
10320
74668
19069
53311
17626
58450
19933
52228
51767
55246
94497
32803
38292
6799
52605
5967
12658
74348
36838
75491
37146
11513
55528
86647
35999
54251
93050
88159
57002
73102
10965
49125
4437
20781
60274
95847
64157
90682
69249
75355
53556
63754
83281
55418
13812
50054
33383
34296
43080
12852
59869
54131
43615
60266
66643
94079
15596
1437
7873
45426
86247
58139
64312
7664
94903
66068
34429
34814
12776
77533
49227
15120
36150
67910
25639
6666
60962
33442
7381
97485
92011
68211
45715
50661
79824
84143
5108
10188
83295
24324
4853
27630
25291
71709
78965
55801
19525
29635
96711
7115
11830
3429
82001
88083
67669
80506
85932
48710
26695
16646
70263
95863
3468
98332
2141
22256
11526
78194
68974
82594
27423
49989
33337
